-- A=17 P=85085 L=41 count=2193 maxgap=41 (reduced clean-witness chain, cyclic gaps <= L; wraparound gap 22)
5,45,77,117,157,198,238,278,318,357,397,437,478,502,543,578,612,653,693,733,773,810,850,885,920,957,
998,1033,1073,1110,1150,1188,1228,1265,1305,1342,1383,1423,1463,1503,1543,1580,1620,1657,1698,1738,
1778,1815,1855,1895,1932,1972,2012,2053,2093,2133,2172,2210,2250,2287,2328,2362,2398,2438,2478,2518,
2558,2597,2635,2670,2707,2747,2788,2828,2868,2908,2947,2987,3028,3068,3103,3143,3180,3220,3260,3297,
3337,3377,3418,3458,3498,3537,3575,3615,3647,3685,3722,3763,3803,3843,3883,3923,3960,4000,4037,4078,
4118,4155,4195,4235,4273,4312,4352,4393,4433,4473,4510,4550,4590,4625,4660,4700,4737,4778,4818,4858,
4898,4935,4975,5015,5050,5087,5127,5162,5203,5243,5283,5323,5362,5402,5442,5483,5518,5558,5598,5638,
5677,5717,5758,5798,5838,5877,5918,5957,5992,6027,6067,6102,6143,6183,6223,6263,6302,6340,6380,6417,
6458,6493,6533,6573,6612,6652,6692,6727,6765,6802,6843,6883,6923,6963,7003,7040,7080,7117,7158,7198,
7238,7277,7318,7355,7388,7422,7462,7502,7543,7583,7623,7663,7703,7740,7780,7810,7847,7887,7927,7968,
8008,8048,8085,8125,8165,8202,8243,8278,8313,8353,8393,8433,8473,8510,8550,8587,8628,8668,8705,8745,
8785,8823,8862,8902,8943,8983,9023,9060,9100,9140,9175,9212,9252,9292,9333,9373,9413,9452,9490,9530,
9567,9607,9643,9677,9718,9758,9798,9838,9877,9915,9952,9992,10028,10068,10108,10148,10187,10227,
10267,10308,10348,10388,10427,10468,10505,10542,10582,10615,10652,10693,10733,10773,10813,10852,
10890,10930,10967,11008,11043,11083,11120,11160,11198,11238,11275,11315,11352,11392,11433,11473,
11513,11553,11590,11630,11667,11708,11748,11788,11825,11865,11905,11942,11980,12017,12057,12093,
12133,12173,12213,12253,12292,12332,12372,12408,12448,12488,12528,12568,12607,12642,12682,12723,
12763,12800,12840,12880,12918,12955,12995,13032,13073,13113,13153,13192,13233,13272,13307,13347,
13387,13428,13468,13508,13547,13585,13625,13662,13703,13738,13772,13813,13853,13893,13933,13970,
14010,14047,14088,14128,14165,14205,14245,14282,14322,14360,14395,14427,14465,14502,14543,14578,
14618,14658,14697,14737,14777,14817,14858,14898,14938,14977,15018,15055,15092,15132,15172,15213,
15253,15293,15333,15372,15412,15452,15493,15528,15568,15608,15648,15687,15727,15768,15808,15848,
15887,15928,15967,16002,16042,16082,16123,16163,16203,16243,16280,16320,16350,16390,16427,16468,
16503,16543,16583,16622,16662,16702,16737,16775,16812,16853,16893,16933,16973,17013,17050,17090,
17127,17168,17208,17248,17287,17328,17365,17402,17442,17482,17523,17563,17603,17640,17680,17720,
17757,17798,17832,17868,17908,17948,17988,18028,18067,18105,18140,18177,18217,18253,18288,18322,
18352,18392,18433,18473,18513,18552,18590,18630,18667,18708,18743,18778,18818,18858,18898,18938,
18972,19012,19052,19093,19133,19170,19210,19250,19288,19327,19367,19408,19448,19488,19525,19565,
19605,19642,19682,19722,19763,19803,19843,19883,19922,19962,20003,20043,20078,20118,20158,20197,
20237,20277,20310,20345,20377,20417,20457,20498,20527,20563,20598,20632,20673,20713,20753,20793,
20830,20870,20905,20940,20977,21018,21053,21093,21130,21170,21208,21248,21285,21325,21362,21403,
21443,21483,21523,21563,21600,21640,21677,21718,21758,21798,21835,21875,21915,21952,21992,22032,
22073,22113,22153,22192,22230,22270,22305,22342,22382,22418,22458,22498,22538,22578,22617,22655,
22690,22727,22767,22808,22848,22888,22928,22967,23007,23048,23088,23128,23167,23205,23243,23282,
23317,23357,23397,23438,23478,23518,23557,23595,23635,23672,23713,23748,23783,23823,23863,23903,
23943,23980,24020,24057,24098,24138,24175,24215,24255,24293,24332,24372,24413,24453,24493,24530,
24570,24610,24645,24680,24720,24757,24798,24838,24878,24918,24955,24995,25035,25070,25107,25147,
25182,25223,25263,25303,25343,25382,25422,25462,25498,25538,25578,25618,25658,25697,25737,25778,
25818,25858,25897,25938,25977,26012,26052,26087,26122,26163,26203,26243,26283,26322,26360,26400,
26437,26478,26513,26553,26593,26632,26672,26712,26747,26785,26822,26862,26903,26943,26983,27023,
27060,27100,27137,27178,27218,27258,27297,27338,27375,27412,27450,27485,27522,27563,27603,27643,
27683,27723,27760,27800,27837,27878,27918,27958,27998,28038,28077,28112,28152,28193,28233,28270,
28310,28350,28388,28425,28465,28502,28542,28583,28623,28662,28703,28742,28782,28817,28857,28898,
28938,28978,29017,29055,29095,29132,29173,29208,29242,29283,29323,29363,29403,29442,29480,29517,
29558,29598,29635,29675,29715,29752,29792,29827,29865,29897,29935,29972,30013,30048,30088,30128,
30168,30207,30247,30287,30328,30368,30408,30447,30488,30525,30562,30602,30642,30683,30723,30763,
30803,30840,30880,30917,30958,30998,31038,31078,31118,31157,31197,31230,31265,31295,31335,31372,
31412,31448,31483,31518,31558,31598,31637,31677,31717,31752,31790,31820,31860,31897,31938,31973,
32013,32053,32092,32132,32172,32207,32247,32288,32328,32363,32403,32443,32483,32522,32560,32597,
32638,32678,32718,32757,32798,32835,32872,32912,32952,32993,33033,33073,33110,33150,33190,33227,
33268,33303,33338,33378,33418,33458,33498,33535,33575,33610,33645,33682,33723,33758,33792,33822,
33862,33903,33943,33983,34022,34060,34100,34137,34178,34213,34248,34288,34328,34368,34408,34447,
34485,34522,34563,34603,34640,34680,34720,34757,34797,34837,34878,34918,34958,34997,35038,35075,
35112,35152,35192,35233,35273,35313,35353,35392,35432,35472,35513,35548,35588,35628,35668,35707,
35747,35780,35815,35845,35885,35922,35963,35998,36033,36068,36108,36143,36183,36223,36263,36300,
36340,36370,36410,36447,36488,36523,36563,36603,36642,36682,36722,36755,36795,36832,36873,36913,
36953,36993,37033,37070,37110,37147,37188,37228,37268,37307,37348,37385,37422,37462,37502,37543,
37583,37623,37660,37700,37740,37775,37812,37852,37888,37928,37968,38008,38048,38087,38125,38160,
38197,38237,38273,38308,38343,38367,38407,38448,38488,38528,38567,38607,38643,38682,38720,38752,
38792,38827,38867,38908,38948,38988,39027,39065,39105,39142,39183,39218,39253,39293,39333,39373,
39413,39452,39490,39527,39568,39608,39645,39685,39725,39762,39802,39842,39883,39923,39963,40002,
40043,40080,40113,40150,40190,40227,40268,40308,40348,40388,40425,40465,40505,40540,40572,40612,
40652,40693,40733,40773,40813,40850,40890,40927,40968,41008,41048,41088,41128,41167,41207,41242,
41283,41323,41363,41400,41440,41480,41515,41555,41592,41632,41673,41713,41753,41792,41830,41870,
41907,41948,41983,42023,42063,42103,42142,42182,42217,42257,42298,42338,42375,42415,42455,42493,
42532,42570,42607,42648,42688,42728,42767,42808,42845,42882,42917,42955,42992,43033,43073,43113,
43153,43193,43230,43270,43307,43348,43388,43428,43468,43508,43545,43582,43622,43663,43703,43740,
43780,43820,43858,43895,43935,43972,44012,44048,44088,44128,44168,44208,44247,44287,44327,44368,
44408,44448,44487,44525,44565,44602,44643,44678,44712,44753,44793,44833,44873,44912,44950,44987,
45028,45068,45105,45145,45185,45222,45262,45297,45337,45378,45418,45458,45497,45535,45573,45612,
45650,45687,45728,45768,45808,45848,45887,45925,45962,46002,46043,46078,46112,46153,46193,46233,
46273,46310,46350,46387,46428,46468,46508,46548,46588,46625,46665,46700,46735,46767,46805,46842,
46882,46918,46953,46988,47028,47068,47108,47147,47187,47222,47262,47303,47343,47380,47420,47460,
47498,47537,47575,47612,47653,47693,47730,47770,47810,47850,47887,47927,47967,48008,48048,48088,
48125,48165,48205,48242,48282,48318,48353,48393,48433,48473,48513,48550,48590,48627,48667,48703,
48738,48773,48808,48848,48888,48928,48968,49005,49045,49075,49115,49152,49193,49228,49262,49292,
49332,49373,49413,49453,49492,49530,49570,49607,49648,49683,49717,49758,49798,49838,49878,49917,
49955,49992,50033,50073,50110,50150,50190,50227,50267,50307,50348,50388,50428,50467,50508,50545,
50582,50622,50662,50703,50743,50783,50823,50860,50900,50937,50978,51018,51058,51098,51138,51177,
51217,51250,51285,51315,51355,51392,51433,51468,51503,51538,51578,51618,51657,51697,51737,51772,
51810,51840,51880,51917,51958,51993,52033,52073,52113,52152,52192,52225,52265,52302,52343,52383,
52423,52463,52503,52542,52580,52617,52658,52698,52738,52777,52818,52855,52892,52932,52972,53013,
53053,53093,53130,53170,53210,53245,53280,53317,53358,53398,53438,53478,53518,53555,53595,53630,
53665,53702,53743,53778,53813,53840,53877,53918,53958,53998,54038,54077,54115,54152,54192,54222,
54262,54302,54343,54383,54423,54462,54502,54542,54583,54623,54660,54700,54740,54775,54813,54852,
54887,54922,54960,54997,55038,55078,55115,55155,55195,55232,55272,55312,55353,55393,55433,55472,
55513,55550,55583,55622,55660,55697,55738,55778,55818,55858,55897,55935,55975,56007,56042,56082,
56122,56163,56203,56243,56283,56320,56360,56397,56438,56478,56518,56558,56598,56635,56672,56712,
56753,56793,56833,56870,56910,56950,56985,57025,57062,57102,57138,57178,57218,57258,57298,57337,
57377,57417,57453,57493,57533,57573,57613,57652,57690,57727,57768,57808,57845,57885,57925,57963,
58002,58042,58083,58123,58163,58202,58240,58278,58317,58352,58387,58427,58468,58508,58548,58587,
58627,58663,58702,58740,58777,58818,58858,58898,58938,58978,59015,59052,59092,59133,59173,59210,
59250,59290,59328,59363,59400,59440,59472,59510,59547,59587,59628,59665,59705,59745,59782,59822,
59862,59903,59943,59983,60022,60063,60100,60137,60170,60210,60247,60288,60328,60368,60408,60445,
60485,60525,60562,60603,60638,60672,60713,60753,60793,60833,60870,60910,60947,60988,61028,61068,
61108,61148,61187,61227,61262,61303,61343,61383,61420,61460,61500,61535,61575,61612,61652,61693,
61733,61773,61812,61850,61890,61927,61967,62003,62043,62083,62123,62162,62202,62237,62277,62318,
62358,62395,62435,62475,62513,62552,62590,62627,62668,62708,62748,62787,62828,62865,62902,62942,
62975,63012,63053,63093,63133,63173,63213,63250,63290,63327,63368,63408,63448,63488,63528,63565,
63605,63642,63683,63723,63760,63800,63840,63878,63915,63955,63992,64032,64068,64108,64148,64188,
64228,64267,64307,64347,64388,64428,64468,64507,64545,64585,64622,64663,64698,64732,64762,64802,
64838,64878,64918,64958,64995,65035,65075,65112,65153,65187,65222,65263,65303,65343,65383,65422,
65462,65502,65543,65578,65618,65658,65698,65737,65777,65818,65858,65898,65937,65978,66017,66052,
66092,66132,66173,66213,66253,66293,66330,66370,66407,66448,66488,66528,66568,66608,66645,66685,
66720,66755,66787,66825,66862,66903,66938,66973,67008,67048,67088,67128,67167,67207,67242,67282,
67315,67352,67393,67427,67463,67503,67543,67583,67622,67662,67700,67737,67778,67818,67855,67893,
67933,67973,68012,68052,68093,68128,68168,68208,68247,68288,68327,68362,68402,68442,68483,68523,
68563,68602,68640,68680,68712,68750,68787,68828,68868,68908,68948,68988,69025,69065,69095,69135,
69172,69213,69248,69283,69317,69358,69398,69438,69477,69517,69557,69598,69638,69675,69715,69755,
69792,69832,69872,69913,69953,69993,70032,70073,70110,70147,70187,70227,70268,70308,70348,70388,
70427,70467,70507,70548,70583,70623,70663,70703,70742,70782,70823,70863,70903,70942,70983,71022,
71055,71092,71132,71167,71208,71248,71288,71328,71367,71405,71445,71477,71517,71558,71598,71638,
71677,71717,71757,71792,71830,71867,71908,71948,71988,72028,72068,72105,72142,72182,72223,72263,
72303,72342,72380,72420,72453,72487,72527,72567,72608,72648,72688,72728,72768,72805,72845,72875,
72912,72952,72992,73033,73073,73113,73150,73190,73230,73265,73300,73337,73378,73418,73458,73498,
73538,73575,73615,73652,73693,73733,73770,73810,73850,73888,73927,73967,74008,74048,74088,74125,
74165,74205,74240,74277,74317,74357,74398,74438,74478,74517,74555,74595,74632,74673,74708,74742,
74783,74823,74863,74903,74942,74980,75017,75057,75098,75135,75175,75215,75252,75292,75332,75373,
75413,75453,75492,75533,75570,75607,75642,75680,75717,75758,75798,75838,75878,75917,75955,75995,
76032,76073,76108,76148,76185,76223,76263,76303,76340,76380,76417,76458,76498,76538,76578,76618,
76655,76695,76732,76773,76813,76853,76890,76930,76970,77005,77045,77082,77122,77158,77198,77238,
77278,77318,77357,77397,77437,77473,77513,77553,77593,77633,77672,77707,77747,77788,77828,77865,
77905,77945,77983,78022,78062,78103,78143,78183,78222,78260,78298,78337,78372,78412,78447,78488,
78528,78568,78607,78647,78683,78722,78760,78797,78838,78878,78918,78958,78998,79035,79075,79112,
79153,79193,79230,79270,79310,79348,79383,79420,79460,79492,79530,79567,79607,79643,79683,79723,
79762,79802,79842,79882,79923,79963,80003,80042,80083,80120,80157,80197,80230,80267,80308,80348,
80388,80428,80465,80505,80545,80582,80623,80658,80692,80733,80773,80813,80853,80890,80930,80967,
81007,81048,81088,81128,81168,81207,81247,81282,81323,81363,81403,81440,81480,81520,81557,81595,
81632,81672,81713,81753,81793,81832,81870,81910,81947,81987,82023,82063,82103,82143,82182,82222,
82257,82297,82338,82378,82415,82455,82495,82533,82570,82610,82647,82688,82728,82768,82807,82848,
82885,82922,82962,83002,83043,83083,83123,83160,83200,83240,83277,83318,83353,83387,83428,83468,
83508,83548,83585,83625,83662,83703,83743,83780,83820,83860,83897,83937,83975,84012,84052,84088,
84128,84168,84208,84248,84287,84327,84367,84403,84443,84483,84523,84562,84600,84637,84677,84718,
84752,84787,84828,84868,84908,84948,84987,85027,85068
